;Palette Name: resurrect-64 -- 64 colors.
2e222f: 46,34,47
3e3546: 62,53,70
625565: 98,85,101
966c6c: 150,108,108
ab947a: 171,148,122
694f62: 105,79,98
7f708a: 127,112,138
9babb2: 155,171,178
c7dcd0: 199,220,208
ffffff: 255,255,255
6e2727: 110,39,39
b33831: 179,56,49
ea4f36: 234,79,54
f57d4a: 245,125,74
ae2334: 174,35,52
e83b3b: 232,59,59
fb6b1d: 251,107,29
f79617: 247,150,23
f9c22b: 249,194,43
7a3045: 122,48,69
9e4539: 158,69,57
cd683d: 205,104,61
e6904e: 230,144,78
fbb954: 251,185,84
4c3e24: 76,62,36
676633: 103,102,51
a2a947: 162,169,71
d5e04b: 213,224,75
fbff86: 251,255,134
165a4c: 22,90,76
239063: 35,144,99
1ebc73: 30,188,115
91db69: 145,219,105
cddf6c: 205,223,108
313638: 49,54,56
374e4a: 55,78,74
547e64: 84,126,100
92a984: 146,169,132
b2ba90: 178,186,144
0b5e65: 11,94,101
0b8a8f: 11,138,143
0eaf9b: 14,175,155
30e1b9: 48,225,185
8ff8e2: 143,248,226
323353: 50,51,83
484a77: 72,74,119
4d65b4: 77,101,180
4d9be6: 77,155,230
8fd3ff: 143,211,255
45293f: 69,41,63
6b3e75: 107,62,117
905ea9: 144,94,169
a884f3: 168,132,243
eaaded: 234,173,237
753c54: 117,60,84
a24b6f: 162,75,111
cf657f: 207,101,127
ed8099: 237,128,153
831c5d: 131,28,93
c32454: 195,36,84
f04f78: 240,79,120
f68181: 246,129,129
fca790: 252,167,144
fdcbb0: 253,203,176
